SM:2025-04-07T08:12:52.0788431Z
LM:2025-04-07T14:44:40.4833560Z
CT:image/jpeg
MA:2592000
CL:412650
