SM:2025-04-07T08:12:52.0559979Z
LM:2025-04-07T08:13:24.5613397Z
CT:image/jpeg
MA:2592000
CL:56859
