SM:2025-04-14T15:21:32.3200998Z
LM:2025-04-14T15:21:35.5764785Z
CT:image/jpeg
MA:2592000
CL:412650
