SM:2025-04-07T08:12:52.0788431Z
LM:2025-04-07T08:12:55.5894543Z
CT:image/jpeg
MA:2592000
CL:412650
