SM:2025-04-10T09:37:40.1831083Z
LM:2025-04-10T09:37:40.7896537Z
CT:image/jpeg
MA:2592000
CL:9887
