SM:2025-04-07T08:12:52.0788431Z
LM:2025-04-07T08:13:24.8935523Z
CT:image/jpeg
MA:2592000
CL:19609
