SM:2025-04-07T08:12:52.1161886Z
LM:2025-04-07T08:13:24.9074451Z
CT:image/jpeg
MA:2592000
CL:40636
