SM:2025-04-07T08:12:52.0559979Z
LM:2025-04-07T14:44:48.4487731Z
CT:image/jpeg
MA:2592000
CL:900946
