SM:2025-04-07T15:25:52.2526208Z
LM:2025-04-07T15:25:52.4013134Z
CT:image/jpeg
MA:2592000
CL:8448
