SM:2025-04-07T08:12:52.0788431Z
LM:2025-04-07T14:58:51.4021699Z
CT:image/jpeg
MA:2592000
CL:19609
