SM:2025-04-07T15:25:52.2526208Z
LM:2025-04-08T02:15:22.2307763Z
CT:image/jpeg
MA:2592000
CL:107483
