SM:2025-04-07T08:12:52.1161886Z
LM:2025-04-07T14:44:53.7577019Z
CT:image/jpeg
MA:2592000
CL:1043766
